lotteryID=>1

methodID=>2

editor=>010 012 014 016 018 030 032 034 036 038 050 052 054 056 058 070 072 074 076 078 090 092 094 096 098 210 212 214 216 218 230 232 234 236 238 250 252 254 256 258 270 272 274 276 278 290 292 294 296 298 410 412 414 416 418 430 432 434 436 438 450 452 454 456 458 470 472 474 476 478 490 492 494 496 498 610 612 614 616 618 630 632 634 636 638 650 652 654 656 658 670 672 674 676 678 690 692 694 696 698 810 812 814 816 818 830 832 834 836 838 850 852 854 856 858 870 872 874 876 878 890 892 894 896 898

random_input=>1

confirm_editor=>010 012 014 016 018 030 032 034 036 038 050 052 054 056 058 070 072 074 076 078 090 092 094 096 098 210 212 214 216 218 230 232 234 236 238 250 252 254 256 258 270 272 274 276 278 290 292 294 296 298 410 412 414 416 418 430 432 434 436 438 450 452 454 456 458 470 472 474 476 478 490 492 494 496 498 610 612 614 616 618 630 632 634 636 638 650 652 654 656 658 670 672 674 676 678 690 692 694 696 698 810 812 814 816 818 830 832 834 836 838 850 852 854 856 858 870 872 874 876 878 890 892 894 896 898

lottery_confirmnums=>010|012|014|016|018|030|032|034|036|038|050|052|054|056|058|070|072|074|076|078|090|092|094|096|098|210|212|214|216|218|230|232|234|236|238|250|252|254|256|258|270|272|274|276|278|290|292|294|296|298|410|412|414|416|418|430|432|434|436|438|450|452|454|456|458|470|472|474|476|478|490|492|494|496|498|610|612|614|616|618|630|632|634|636|638|650|652|654|656|658|670|672|674|676|678|690|692|694|696|698|810|812|814|816|818|830|832|834|836|838|850|852|854|856|858|870|872|874|876|878|890|892|894|896|898

lottery_currentissue=>20090701

lottery_totalnum=>125

lottery_totalamount=>250

lottery_times=>1

trace_check=>1

lottery_istrace=>1

trace_totalamount=>2750

trace_type=>sametimes

trace_sametimes=>1

trace_issues_sametimes=>11

trace_step_difftimes=>

trace_difftimes=>

trace_issues_difftimes=>

trace_profittimes=>

trace_issues_profit=>

trace_profit_min=>

trace_margintimes=>

trace_issues_margin=>

trace_margin_min=>50

trace_issue=>a:11:{i:0;s:7:"2008001";i:1;s:7:"2008002";i:2;s:7:"2008003";i:3;s:7:"2008004";i:4;s:7:"2008005";i:5;s:7:"2009006";i:6;s:7:"2009007";i:7;s:7:"2009008";i:8;s:7:"2009009";i:9;s:7:"2009010";i:10;s:7:"2009011";}

trace_times_2008001=>1

trace_times_2008002=>1

trace_times_2008003=>1

trace_times_2008004=>1

trace_times_2008005=>1

trace_times_2009006=>1

trace_times_2009007=>1

trace_times_2009008=>1

trace_times_2009009=>1

trace_times_2009010=>1

trace_times_2009011=>1

